15 30 33
15 29 38
14 27 43
14 26 48
14 25 53
15 25 60
15 24 65
15 23 69
15 22 74
15 21 79
15 19 82
15 20 88
18 18 90
23 16 93
24 16 99
26 16 102
31 17 105
35 16 108
37 16 111
42 16 115
44 16 119
48 15 120
52 16 124
54 16 127
58 15 131
60 16 131
63 15 133
65 15 136
69 15 137
71 15 140
75 16 142
76 15 144
81 16 144
83 16 147
85 15 147
87 15 150
91 15 151
93 15 152
96 15 153
98 16 154
99 15 154
104 16 156
106 14 157
111 15 158
112 14 159
114 15 157
117 16 158
119 16 159
121 15 157
124 15 160
127 15 159
128 15 159
132 14 160
132 15 158
134 15 157
138 14 160
141 16 156
143 16 157
144 17 158
148 17 157
147 19 155
148 21 152
154 20 151
155 22 150
156 23 151
158 23 152
160 23 152
161 26 147
162 27 147
166 26 148
169 28 143
168 29 144
171 30 144
173 31 143
175 31 142
174 35 138
176 36 135
177 37 133
181 37 134
183 38 133
186 38 132
187 40 129
185 43 127
190 43 123
190 45 122
191 45 120
193 46 116
192 48 117
193 50 116
198 49 113
199 51 113
200 52 110
199 55 106
200 56 105
203 57 102
202 59 102
205 60 99
204 63 95
208 63 96
209 64 93
209 67 89
208 69 88
211 70 86
212 72 85
213 73 82
215 74 82
215 77 77
216 78 75
217 80 72
218 81 71
217 83 71
218 85 68
221 86 65
222 88 63
223 89 60
225 91 56
223 94 55
224 95 55
225 96 54
225 99 51
226 100 49
227 102 46
229 103 45
230 105 41
229 107 40
230 108 41
232 109 39
230 113 36
231 114 34
234 115 33
235 117 29
233 119 31
234 121 27
233 123 28
234 124 25
235 126 25
233 128 23
235 131 20
235 131 20
233 134 17
235 134 16
235 135 13
235 137 14
234 139 13
235 140 12
234 143 11
233 145 11
234 146 12
234 148 11
233 150 12
233 152 11
234 153 10
234 155 11
233 157 11
233 157 11
235 159 11
233 162 12
233 162 12
234 165 10
235 166 11
232 167 11
233 169 10
233 171 11
232 173 11
232 174 12
233 176 11
233 178 10
235 180 12
235 180 10
234 182 11
234 183 12
233 186 12
233 187 13
233 189 14
234 190 15
235 190 19
233 193 20
232 195 18
232 196 24
234 196 23
232 199 26
233 199 30
232 202 30
233 202 32
232 204 35
233 206 37
232 207 42
232 209 45
233 210 46
234 210 48
232 212 51
233 213 56
233 214 60
232 215 63
232 217 66
233 217 68
233 218 73
232 219 79
232 220 84
234 220 88
231 223 89
232 223 96
230 224 102
231 225 105
232 225 111
230 226 116
231 226 122
231 227 128
229 229 133
230 229 137
228 231 144
228 231 152
228 232 155
226 233 163
224 235 167
226 234 175
226 234 183
226 235 190
223 235 195
224 235 203
225 235 209
222 234 220
222 235 225
220 235 232
